begin main
timesteps 623
weeks 89
campaigns 2
scenario 2
epsilon 0.01
powerplant1 1
powerplant2 2
constraint13 4
constraint14 1
constraint15 0
constraint16 0
constraint17 0
constraint18 0
constraint19 0
constraint20 0
constraint21 0
durations 24 24 24 24 24 24 24 24 24 24 24 24 24 24 24 24 24 24 24 24 24 24 24 24 24 24 24 24 24 24 24 24 24 24 24 24 24 24 24 24 24 24 24 24 24 24 24 24 24 24 24 24 24 24 24 24 24 24 24 24 24 24 24 24 24 24 24 24 24 24 24 24 24 24 24 24 24 24 24 24 24 24 24 24 24 24 24 24 24 24 24 24 24 24 24 24 24 24 24 24 24 24 24 24 24 24 24 24 24 24 24 24 24 24 24 24 24 24 24 24 24 24 24 24 24 24 24 24 24 24 24 24 24 24 24 24 24 24 24 24 24 24 24 24 24 24 24 24 24 24 24 24 24 24 24 24 24 24 24 24 24 24 24 24 24 24 24 24 24 24 24 24 24 24 24 24 24 24 24 24 24 24 24 24 24 24 24 24 24 24 24 24 24 24 24 24 24 24 24 24 24 24 24 24 24 24 24 24 24 24 24 24 24 24 24 24 24 24 24 24 24 24 24 24 24 24 24 24 24 24 24 24 24 24 24 24 24 24 24 24 24 24 24 24 24 24 24 24 24 24 24 24 24 24 24 24 24 24 24 24 24 24 24 24 24 24 24 24 24 24 24 24 24 24 24 24 24 24 24 24 24 24 24 24 24 24 24 24 24 24 24 24 24 24 24 24 24 24 24 24 24 24 24 24 24 24 24 24 24 24 24 24 24 24 24 24 24 24 24 24 24 24 24 24 24 24 24 24 24 24 24 24 24 24 24 24 24 24 24 24 24 24 24 24 24 24 24 24 24 24 24 24 24 24 24 24 24 24 24 24 24 24 24 24 24 24 24 24 24 24 24 24 24 24 24 24 24 24 24 24 24 24 24 24 24 24 24 24 24 24 24 24 24 24 24 24 24 24 24 24 24 24 24 24 24 24 24 24 24 24 24 24 24 24 24 24 24 24 24 24 24 24 24 24 24 24 24 24 24 24 24 24 24 24 24 24 24 24 24 24 24 24 24 24 24 24 24 24 24 24 24 24 24 24 24 24 24 24 24 24 24 24 24 24 24 24 24 24 24 24 24 24 24 24 24 24 24 24 24 24 24 24 24 24 24 24 24 24 24 24 24 24 24 24 24 24 24 24 24 24 24 24 24 24 24 24 24 24 24 24 24 24 24 24 24 24 24 24 24 24 24 24 24 24 24 24 24 24 24 24 24 24 24 24 24 24 24 24 24 24 24 24 24 24 24 24 24 24 24 24 24 24 24 24 24 24 24 24 24 24 24 24 24 24 24 24 24 24 24 24 24 24 24 24 24 24 24 24 24 24 24 24 24 24 24 24 24 24 24 24 24 24 24 24 24 24 24 24 24 24 24 24 24 24 24 24 24 24 24 24 24 24 24 24 24 24 24 24 24 24 24 24 24
demand 51318.22 49846.98 51838.91 51954.74 51179.61 50547.53 51042.99 51271.81 49524.09 54698.31 54744.59 55471.89 54682.56 55446.56 52487.78 50128.80 53525.32 55031.02 55385.47 55227.54 55521.91 55325.86 53172.85 56015.75 56879.57 59438.39 58819.93 58532.62 55484.21 53291.11 58617.69 58388.82 60185.93 58212.23 59034.29 56331.26 53832.69 59471.54 58397.32 59757.90 61104.82 62377.78 60361.66 62875.97 61598.06 62856.89 62627.67 63725.55 62756.30 61584.93 59219.11 62701.04 62165.10 65653.74 66046.71 68562.75 63035.71 59196.14 65293.80 64642.06 63605.13 63094.14 56830.21 61267.11 59103.30 64456.40 65815.87 64827.48 64213.95 63627.87 60596.89 59565.71 67726.86 68411.49 71135.58 69738.95 71949.96 68919.68 66882.10 72812.30 73088.01 72989.55 72559.48 75673.61 68766.00 67011.61 74393.41 75998.29 76563.03 73832.33 74450.09 70083.55 66858.46 72274.05 76364.39 75657.34 74114.63 76709.51 69843.00 65853.91 69789.38 66676.48 69345.31 74101.79 74451.42 69795.29 67900.98 72194.49 72349.19 71119.26 71693.24 69638.52 64309.63 60128.31 64481.77 70243.56 71726.93 69604.43 68904.97 63741.24 63193.69 72898.40 74093.36 75118.25 73998.44 75951.37 75541.05 73859.82 81225.73 81814.54 80937.61 79177.34 78882.25 72323.51 69058.78 73035.56 71991.77 72592.88 70811.70 69994.58 64141.31 61705.20 70024.38 69049.91 67522.53 65964.26 66091.49 60126.61 54993.01 61054.85 62523.40 64226.30 64039.36 64452.19 58672.46 56861.45 63262.33 61216.23 61001.43 60999.20 60999.20 58215.19 56327.49 58856.91 59165.74 59271.29 59453.19 59252.22 57905.75 55976.03 58544.26 58645.01 58683.83 57995.22 58356.71 55891.49 56118.30 59167.15 57960.60 57335.80 57722.10 58400.01 57492.36 56043.59 59932.88 57082.11 58982.68 57335.46 57700.45 53227.03 53433.49 58191.59 57156.67 60304.33 57631.20 56828.22 57007.24 53817.78 60048.22 59425.85 59119.17 59737.17 60474.64 53403.50 53000.75 55211.06 54166.24 54715.33 56698.07 56244.30 53594.05 51774.31 56316.92 56926.66 56951.69 56738.01 56465.44 50155.96 48568.16 48970.77 55113.84 57202.37 58946.37 55839.11 54749.83 51959.75 56790.68 57760.97 58107.35 56585.37 58368.55 51202.36 45406.66 45885.51 53296.88 56322.47 56369.38 55977.74 51844.74 49102.77 50658.82 53912.48 55143.87 51855.84 52876.93 50765.16 48363.20 52984.40 54589.52 54232.58 55860.26 54089.67 50301.78 47609.78 52676.30 52349.56 50218.67 44695.11 47283.37 46755.82 46451.17 53556.54 54128.76 53140.71 50930.56 48971.96 45378.97 42293.18 48982.63 49282.46 51217.80 51656.39 51192.77 45024.53 43990.15 49630.71 47353.19 48366.30 49619.29 49535.74 49141.96 46887.29 53397.24 53036.12 53658.69 50699.45 53739.83 48076.14 45932.99 50837.32 50751.18 51750.81 50883.69 51478.86 51290.98 47970.74 53221.52 52433.53 52733.13 53188.24 54473.40 47929.26 48126.57 50134.61 51712.42 51980.11 51248.11 49013.07 51410.81 49088.52 52326.84 53607.78 54040.95 53322.86 52781.10 52079.17 49937.01 55051.07 56166.81 56656.10 56625.15 56133.56 51932.37 48400.69 52753.16 51925.73 53487.04 52559.14 52755.21 49563.64 46652.23 50651.64 51396.00 51207.56 51378.64 52015.48 49643.78 46577.47 51089.33 48842.97 53026.47 53426.44 53780.66 50305.04 47613.19 52167.70 54435.10 54857.06 55096.00 56057.37 52681.37 49342.95 54456.70 54622.48 56698.99 55654.10 57919.52 55618.01 52796.41 55795.94 57145.03 57373.31 57566.94 55372.54 52298.68 50662.80 57032.05 57340.48 53319.64 53223.53 55343.96 51341.20 48822.98 53092.61 51887.60 53081.49 53599.51 54355.48 51106.22 49589.56 52862.14 54921.41 56120.71 54649.87 55270.29 53829.99 52085.67 57458.97 58691.37 56173.98 56215.88 56586.39 52378.88 50081.14 53951.78 54458.32 57292.46 58525.54 58667.79 54065.86 51611.01 56861.24 59331.01 60715.44 57988.30 58926.65 56603.43 56343.07 61204.36 61373.93 58167.09 61141.46 60340.68 56615.08 48732.42 56168.47 58411.57 60343.91 62177.15 63067.33 61624.65 58519.66 62210.68 62436.43 63449.47 61875.16 61921.16 58121.30 58794.82 63933.14 61652.99 60944.18 61098.07 60192.79 59231.10 58401.59 62845.74 61628.90 65113.64 62315.93 64088.49 69239.25 66131.06 68613.51 72146.10 70437.07 69858.41 70460.22 65825.42 63528.13 71071.35 73874.40 74764.75 77684.96 76299.63 71518.78 68977.81 75778.98 74283.02 73795.15 73576.55 74417.09 73656.18 68151.41 74666.53 72950.90 72486.06 71775.44 74461.47 72274.88 70418.32 71550.07 77176.81 79493.48 79763.63 76810.46 71458.30 68119.32 65443.26 70324.16 74535.09 75545.39 72679.71 68037.18 66856.05 74809.65 76959.45 77478.50 77764.44 78434.15 79044.34 78440.39 81769.61 79700.48 79519.15 79261.00 77738.48 73609.76 71914.38 75791.29 74288.32 74695.73 75635.15 74610.01 66418.56 64137.64 69631.33 71671.45 73557.16 70155.12 69775.19 62867.06 61054.36 66390.65 67348.62 66863.47 68102.76 68409.63 65326.18 63788.07 69965.49 69189.36 70835.99 68633.58 68858.60 60046.19 55195.63 63733.33 65943.89 65120.62 64282.45 66154.80 59422.07 56264.01 60737.68 59172.70 59625.73 60817.20 65720.97 64672.29 61221.71 66846.43 62922.36 62583.66 64705.32 64174.31 62522.08 62133.70 61883.71 62611.17 63798.66 62340.08 63200.01 62317.02 62218.78 68762.82 67117.21 65899.47 65476.25 69215.43 61713.10 58776.71 60997.96 61836.44 63484.99 64563.25 62835.45 59060.36 54948.30 58697.77 54890.33 56366.77 56136.64 59279.71 53593.13 51810.08 53028.98 56842.75 57294.69 55526.59 55538.79 54794.14 52153.39 56165.39 57546.71 57809.17 58240.65 57809.91 56220.87 52167.99 59105.47 60184.98 60207.44 60402.99 60418.41 55863.53 51335.57 52938.78 46601.63 52293.29 55461.60 53860.88 51365.82 48971.33 55494.81 52006.22 57155.88 57607.17 56380.36 50369.16 44768.69 53083.14 55224.46 56217.48 46663.61 50586.99 48778.21 42959.41 51530.06 51871.66 52337.00 52591.06 51268.61
demand 51629.45 48625.52 52573.78 52329.49 53132.42 53063.58 52945.79 53158.33 49950.74 52953.03 53364.78 53408.09 53789.17 54891.17 52393.59 48629.52 53998.14 53111.94 51986.66 51844.08 52312.12 50364.20 47869.28 54863.56 55742.06 56156.07 54624.91 54545.79 51128.46 49580.27 54114.77 55184.67 55074.18 54272.41 55084.89 55287.27 52995.16 56609.70 56651.33 57977.78 58832.58 58986.82 54305.23 55311.55 60255.90 60094.32 57513.05 58295.48 59488.14 60325.13 58523.05 62014.48 62473.01 65737.27 66921.20 67447.34 63716.70 58097.51 64533.28 65219.52 66908.22 64266.43 54138.35 54447.84 54118.56 64609.84 64824.71 64563.69 62148.93 60980.40 57741.96 57051.36 63706.88 61912.84 62656.63 66941.57 65062.47 61433.00 60685.75 69440.93 70375.92 69133.97 74470.85 75317.21 73818.36 69871.73 70888.99 72910.45 70518.74 72978.19 73817.22 65065.27 61413.30 69271.81 71910.54 69988.47 68793.50 70301.77 65809.23 62567.88 67448.95 69801.59 70668.13 70645.69 68485.79 62024.60 58522.12 67006.22 69997.69 73156.15 75401.37 75161.74 70180.63 67641.70 78012.62 81613.99 83214.55 80831.71 82783.97 79373.99 76747.69 82584.12 80293.78 82342.06 80299.08 81220.63 76731.50 76472.69 78175.01 78953.67 79228.76 75095.79 72211.51 66542.47 64344.19 71748.78 73684.31 73273.83 71139.34 72077.15 67291.08 66087.58 73292.15 73602.24 71611.97 73600.62 76563.67 72303.17 71744.73 72754.65 73802.71 70767.89 71281.20 69819.53 62942.46 60885.31 67328.53 69772.15 69959.72 69294.85 67016.57 56278.48 56734.06 66592.37 68480.68 65954.04 65366.11 66137.10 64181.87 62043.12 67745.09 63796.46 63637.77 63667.07 64152.97 60139.48 57821.07 63021.26 61859.38 62389.93 62988.18 60111.41 60360.38 58101.98 62233.75 61551.48 62120.01 59551.20 64052.05 60808.65 60342.95 59880.10 59948.89 62654.55 61419.63 60683.42 61786.49 57581.93 60823.09 61039.40 60782.17 65072.87 63755.95 63471.64 62139.60 61199.19 63672.61 61518.41 62629.35 62613.27 60273.31 59211.02 60537.60 61290.76 60287.95 58463.32 58641.93 55983.00 53529.20 53420.71 56521.48 58777.10 59029.84 59244.42 56093.99 53084.17 58414.56 59416.59 58316.52 58729.36 58555.51 54712.33 50455.78 51016.08 58195.11 59767.06 57883.33 60199.98 56129.51 54597.75 55375.67 56989.14 55244.85 55152.49 57472.61 55362.34 52288.33 56611.24 55577.67 56548.00 57328.90 57007.24 54245.02 50890.01 55865.52 56521.06 55344.49 50041.29 49809.23 49850.82 48016.53 54852.45 54733.85 54608.35 54296.75 53305.01 49974.74 46047.85 52364.92 50731.85 50559.16 53116.82 53047.58 49581.11 46606.91 52577.92 52233.09 54143.41 54064.43 53951.19 51981.08 49584.80 54674.77 55082.25 55313.97 54085.24 56657.91 52794.80 50812.82 53950.92 53474.62 54856.75 53365.67 52953.20 51169.34 48665.45 53727.46 53829.05 52650.39 52715.04 53912.13 52677.53 50879.02 55025.18 53668.64 53106.85 54037.46 48500.37 51621.20 49322.27 55067.63 55621.80 56538.88 57113.66 56744.08 53171.05 50247.64 56388.79 57917.45 58272.93 57928.92 57101.84 53124.44 48932.29 52628.84 52313.58 51424.95 50863.12 50492.07 47606.33 44107.90 47362.87 45937.96 47747.50 46110.07 49078.77 47942.39 44573.79 47538.70 46099.63 49708.19 50306.48 51190.57 48786.85 45370.11 51965.77 52009.85 52098.38 52720.10 52840.93 50224.68 47228.78 54005.08 55412.58 54875.59 53379.08 55089.28 51943.47 50363.61 55354.66 55125.67 55373.06 56780.38 55283.97 51934.83 49710.07 54779.70 55477.42 55380.02 57574.15 56360.64 45315.49 42973.35 50856.75 52721.65 54452.76 53908.28 54012.36 49200.08 47869.16 53675.60 54383.30 54725.67 54398.18 52109.85 50616.50 53058.44 58835.17 56396.46 58805.97 57050.67 59452.74 55854.10 53725.24 58703.66 59615.78 59918.75 60441.69 61306.98 59079.29 54288.07 60349.06 60381.06 60320.42 60477.83 60497.79 56698.49 55247.09 62794.33 62017.19 62886.95 64725.52 64550.20 63816.28 62632.31 64963.06 67940.80 66015.90 70334.69 70285.09 69820.55 66601.09 70379.61 69564.36 68410.21 68959.21 68953.17 57575.47 57277.29 67336.34 69148.09 70030.64 70684.63 68143.52 63277.84 61132.79 68197.27 68411.73 67906.67 67817.52 68245.86 63698.18 62282.44 68353.64 71278.21 72103.90 71574.35 71718.68 65558.87 66598.97 73272.85 72665.72 72158.22 69327.99 71084.50 63925.35 58277.21 65906.62 65470.35 66355.65 68230.19 69017.76 64823.39 62393.38 71266.91 68262.37 69971.01 70387.01 70530.75 67838.97 61540.49 60603.49 68674.92 71111.18 73921.50 76172.81 73681.91 68789.56 71042.43 79812.27 83028.93 84575.26 84580.94 80907.31 80139.64 82679.86 83754.62 83574.78 82639.65 81121.65 82344.33 79316.33 82103.64 82281.72 83836.78 85014.67 80898.91 72575.93 68236.78 74791.60 75710.28 71856.80 72689.41 71717.93 67431.91 66030.19 75387.76 75672.03 74995.06 78470.31 79833.26 76012.33 74718.43 77449.65 78706.43 75578.81 75170.68 75408.69 68104.20 64729.66 72580.34 72215.97 73462.46 74485.64 72828.78 66023.96 63274.56 67789.39 68099.19 69476.04 71151.51 73526.11 68461.61 66650.58 69311.02 66688.78 68918.18 67013.21 65804.26 58803.54 57132.14 65177.64 64162.17 61883.99 64361.08 66469.24 62341.39 58723.58 62956.27 63108.87 64102.00 63497.79 65588.37 62330.18 59633.22 63442.35 63108.17 64910.97 64664.74 66380.47 62317.19 59613.73 61774.73 59801.70 59887.04 60317.54 61565.60 64751.33 61418.63 64355.88 62210.72 63821.94 63500.38 63367.61 59473.57 57838.38 57825.37 60135.65 60695.55 59894.11 58157.07 55875.72 51506.44 56384.55 56200.63 57948.10 55303.16 55833.81 53279.29 50218.25 54623.68 56335.03 59482.89 59407.32 57316.77 57312.64 52422.48 52952.52 52082.25 57587.52 57537.36 57573.66 56675.01 52925.21 57861.07 56650.83 59720.17 59819.52 60511.60 55539.55 52237.72 58560.03 59197.27 58154.45 51829.84 51978.19 52400.22 48534.55 55700.03 57692.85 58048.94 58022.59 57073.17
end main
begin powerplant
name PowerPlant_1_0
type 1
index 0
scenario 2
timesteps 623
pmin 0.00 0.00 0.00 0.00 0.00 0.00 0.00 0.00 0.00 0.00 0.00 0.00 0.00 0.00 0.00 0.00 0.00 0.00 0.00 0.00 0.00 0.00 0.00 0.00 0.00 0.00 0.00 0.00 0.00 0.00 0.00 0.00 0.00 0.00 0.00 0.00 0.00 0.00 0.00 0.00 0.00 0.00 0.00 0.00 0.00 0.00 0.00 0.00 0.00 0.00 0.00 0.00 0.00 0.00 0.00 0.00 0.00 0.00 0.00 0.00 0.00 0.00 0.00 0.00 0.00 0.00 0.00 0.00 0.00 0.00 0.00 0.00 0.00 0.00 0.00 0.00 0.00 0.00 0.00 0.00 0.00 0.00 0.00 0.00 0.00 0.00 0.00 0.00 0.00 0.00 0.00 0.00 0.00 0.00 0.00 0.00 0.00 0.00 0.00 0.00 0.00 0.00 0.00 0.00 0.00 0.00 0.00 0.00 0.00 0.00 0.00 0.00 0.00 0.00 0.00 0.00 0.00 0.00 0.00 0.00 0.00 0.00 0.00 0.00 0.00 0.00 0.00 0.00 0.00 0.00 0.00 0.00 0.00 0.00 0.00 0.00 0.00 0.00 0.00 0.00 0.00 0.00 0.00 0.00 0.00 0.00 0.00 0.00 0.00 0.00 0.00 0.00 0.00 0.00 0.00 0.00 0.00 0.00 0.00 0.00 0.00 0.00 0.00 0.00 0.00 0.00 0.00 0.00 0.00 0.00 0.00 0.00 0.00 0.00 0.00 0.00 0.00 0.00 0.00 0.00 0.00 0.00 0.00 0.00 0.00 0.00 0.00 0.00 0.00 0.00 0.00 0.00 0.00 0.00 0.00 0.00 0.00 0.00 0.00 0.00 0.00 0.00 0.00 0.00 0.00 0.00 0.00 0.00 0.00 0.00 0.00 0.00 0.00 0.00 0.00 0.00 0.00 0.00 0.00 0.00 0.00 0.00 0.00 0.00 0.00 0.00 0.00 0.00 0.00 0.00 0.00 0.00 0.00 0.00 0.00 0.00 0.00 0.00 0.00 0.00 0.00 0.00 0.00 0.00 0.00 0.00 0.00 0.00 0.00 0.00 0.00 0.00 0.00 0.00 0.00 0.00 0.00 0.00 0.00 0.00 0.00 0.00 0.00 0.00 0.00 0.00 0.00 0.00 0.00 0.00 0.00 0.00 0.00 0.00 0.00 0.00 0.00 0.00 0.00 0.00 0.00 0.00 0.00 0.00 0.00 0.00 0.00 0.00 0.00 0.00 0.00 0.00 0.00 0.00 0.00 0.00 0.00 0.00 0.00 0.00 0.00 0.00 0.00 0.00 0.00 0.00 0.00 0.00 0.00 0.00 0.00 0.00 0.00 0.00 0.00 0.00 0.00 0.00 0.00 0.00 0.00 0.00 0.00 0.00 0.00 0.00 0.00 0.00 0.00 0.00 0.00 0.00 0.00 0.00 0.00 0.00 0.00 0.00 0.00 0.00 0.00 0.00 0.00 0.00 0.00 0.00 0.00 0.00 0.00 0.00 0.00 0.00 0.00 0.00 0.00 0.00 0.00 0.00 0.00 0.00 0.00 0.00 0.00 0.00 0.00 0.00 0.00 0.00 0.00 0.00 0.00 0.00 0.00 0.00 0.00 0.00 0.00 0.00 0.00 0.00 0.00 0.00 0.00 0.00 0.00 0.00 0.00 0.00 0.00 0.00 0.00 0.00 0.00 0.00 0.00 0.00 0.00 0.00 0.00 0.00 0.00 0.00 0.00 0.00 0.00 0.00 0.00 0.00 0.00 0.00 0.00 0.00 0.00 0.00 0.00 0.00 0.00 0.00 0.00 0.00 0.00 0.00 0.00 0.00 0.00 0.00 0.00 0.00 0.00 0.00 0.00 0.00 0.00 0.00 0.00 0.00 0.00 0.00 0.00 0.00 0.00 0.00 0.00 0.00 0.00 0.00 0.00 0.00 0.00 0.00 0.00 0.00 0.00 0.00 0.00 0.00 0.00 0.00 0.00 0.00 0.00 0.00 0.00 0.00 0.00 0.00 0.00 0.00 0.00 0.00 0.00 0.00 0.00 0.00 0.00 0.00 0.00 0.00 0.00 0.00 0.00 0.00 0.00 0.00 0.00 0.00 0.00 0.00 0.00 0.00 0.00 0.00 0.00 0.00 0.00 0.00 0.00 0.00 0.00 0.00 0.00 0.00 0.00 0.00 0.00 0.00 0.00 0.00 0.00 0.00 0.00 0.00 0.00 0.00 0.00 0.00 0.00 0.00 0.00 0.00 0.00 0.00 0.00 0.00 0.00 0.00 0.00 0.00 0.00 0.00 0.00 0.00 0.00 0.00 0.00 0.00 0.00 0.00 0.00 0.00 0.00 0.00 0.00 0.00 0.00 0.00 0.00 0.00 0.00 0.00 0.00 0.00 0.00 0.00 0.00 0.00 0.00 0.00 0.00 0.00 0.00 0.00 0.00 0.00 0.00 0.00 0.00 0.00 0.00 0.00 0.00 0.00 0.00 0.00 0.00 0.00 0.00 0.00 0.00 0.00 0.00 0.00 0.00 0.00 0.00 0.00 0.00 0.00 0.00 0.00 0.00 0.00 0.00 0.00 0.00 0.00 0.00 0.00 0.00 0.00 0.00 0.00 0.00 0.00 0.00 0.00 0.00 0.00 0.00 0.00 0.00 0.00 0.00 0.00 0.00 0.00 0.00 0.00 0.00 0.00 0.00 0.00 0.00
pmax 100000.00 100000.00 100000.00 100000.00 100000.00 100000.00 100000.00 100000.00 100000.00 100000.00 100000.00 100000.00 100000.00 100000.00 100000.00 100000.00 100000.00 100000.00 100000.00 100000.00 100000.00 100000.00 100000.00 100000.00 100000.00 100000.00 100000.00 100000.00 100000.00 100000.00 100000.00 100000.00 100000.00 100000.00 100000.00 100000.00 100000.00 100000.00 100000.00 100000.00 100000.00 100000.00 100000.00 100000.00 100000.00 100000.00 100000.00 100000.00 100000.00 100000.00 100000.00 100000.00 100000.00 100000.00 100000.00 100000.00 100000.00 100000.00 100000.00 100000.00 100000.00 100000.00 100000.00 100000.00 100000.00 100000.00 100000.00 100000.00 100000.00 100000.00 100000.00 100000.00 100000.00 100000.00 100000.00 100000.00 100000.00 100000.00 100000.00 100000.00 100000.00 100000.00 100000.00 100000.00 100000.00 100000.00 100000.00 100000.00 100000.00 100000.00 100000.00 100000.00 100000.00 100000.00 100000.00 100000.00 100000.00 100000.00 100000.00 100000.00 100000.00 100000.00 100000.00 100000.00 100000.00 100000.00 100000.00 100000.00 100000.00 100000.00 100000.00 100000.00 100000.00 100000.00 100000.00 100000.00 100000.00 100000.00 100000.00 100000.00 100000.00 100000.00 100000.00 100000.00 100000.00 100000.00 100000.00 100000.00 100000.00 100000.00 100000.00 100000.00 100000.00 100000.00 100000.00 100000.00 100000.00 100000.00 100000.00 100000.00 100000.00 100000.00 100000.00 100000.00 100000.00 100000.00 100000.00 100000.00 100000.00 100000.00 100000.00 100000.00 100000.00 100000.00 100000.00 100000.00 100000.00 100000.00 100000.00 100000.00 100000.00 100000.00 100000.00 100000.00 100000.00 100000.00 100000.00 100000.00 100000.00 100000.00 100000.00 100000.00 100000.00 100000.00 100000.00 100000.00 100000.00 100000.00 100000.00 100000.00 100000.00 100000.00 100000.00 100000.00 100000.00 100000.00 100000.00 100000.00 100000.00 100000.00 100000.00 100000.00 100000.00 100000.00 100000.00 100000.00 100000.00 100000.00 100000.00 100000.00 100000.00 100000.00 100000.00 100000.00 100000.00 100000.00 100000.00 100000.00 100000.00 100000.00 100000.00 100000.00 100000.00 100000.00 100000.00 100000.00 100000.00 100000.00 100000.00 100000.00 100000.00 100000.00 100000.00 100000.00 100000.00 100000.00 100000.00 100000.00 100000.00 100000.00 100000.00 100000.00 100000.00 100000.00 100000.00 100000.00 100000.00 100000.00 100000.00 100000.00 100000.00 100000.00 100000.00 100000.00 100000.00 100000.00 100000.00 100000.00 100000.00 100000.00 100000.00 100000.00 100000.00 100000.00 100000.00 100000.00 100000.00 100000.00 100000.00 100000.00 100000.00 100000.00 100000.00 100000.00 100000.00 100000.00 100000.00 100000.00 100000.00 100000.00 100000.00 100000.00 100000.00 100000.00 100000.00 100000.00 100000.00 100000.00 100000.00 100000.00 100000.00 100000.00 100000.00 100000.00 100000.00 100000.00 100000.00 100000.00 100000.00 100000.00 100000.00 100000.00 100000.00 100000.00 100000.00 100000.00 100000.00 100000.00 100000.00 100000.00 100000.00 100000.00 100000.00 100000.00 100000.00 100000.00 100000.00 100000.00 100000.00 100000.00 100000.00 100000.00 100000.00 100000.00 100000.00 100000.00 100000.00 100000.00 100000.00 100000.00 100000.00 100000.00 100000.00 100000.00 100000.00 100000.00 100000.00 100000.00 100000.00 100000.00 100000.00 100000.00 100000.00 100000.00 100000.00 100000.00 100000.00 100000.00 100000.00 100000.00 100000.00 100000.00 100000.00 100000.00 100000.00 100000.00 100000.00 100000.00 100000.00 100000.00 100000.00 100000.00 100000.00 100000.00 100000.00 100000.00 100000.00 100000.00 100000.00 100000.00 100000.00 100000.00 100000.00 100000.00 100000.00 100000.00 100000.00 100000.00 100000.00 100000.00 100000.00 100000.00 100000.00 100000.00 100000.00 100000.00 100000.00 100000.00 100000.00 100000.00 100000.00 100000.00 100000.00 100000.00 100000.00 100000.00 100000.00 100000.00 100000.00 100000.00 100000.00 100000.00 100000.00 100000.00 100000.00 100000.00 100000.00 100000.00 100000.00 100000.00 100000.00 100000.00 100000.00 100000.00 100000.00 100000.00 100000.00 100000.00 100000.00 100000.00 100000.00 100000.00 100000.00 100000.00 100000.00 100000.00 100000.00 100000.00 100000.00 100000.00 100000.00 100000.00 100000.00 100000.00 100000.00 100000.00 100000.00 100000.00 100000.00 100000.00 100000.00 100000.00 100000.00 100000.00 100000.00 100000.00 100000.00 100000.00 100000.00 100000.00 100000.00 100000.00 100000.00 100000.00 100000.00 100000.00 100000.00 100000.00 100000.00 100000.00 100000.00 100000.00 100000.00 100000.00 100000.00 100000.00 100000.00 100000.00 100000.00 100000.00 100000.00 100000.00 100000.00 100000.00 100000.00 100000.00 100000.00 100000.00 100000.00 100000.00 100000.00 100000.00 100000.00 100000.00 100000.00 100000.00 100000.00 100000.00 100000.00 100000.00 100000.00 100000.00 100000.00 100000.00 100000.00 100000.00 100000.00 100000.00 100000.00 100000.00 100000.00 100000.00 100000.00 100000.00 100000.00 100000.00 100000.00 100000.00 100000.00 100000.00 100000.00 100000.00 100000.00 100000.00 100000.00 100000.00 100000.00 100000.00 100000.00 100000.00 100000.00 100000.00 100000.00 100000.00 100000.00 100000.00 100000.00 100000.00 100000.00 100000.00 100000.00 100000.00 100000.00 100000.00 100000.00 100000.00 100000.00 100000.00 100000.00 100000.00 100000.00 100000.00 100000.00 100000.00 100000.00 100000.00 100000.00 100000.00 100000.00 100000.00 100000.00 100000.00 100000.00 100000.00 100000.00 100000.00 100000.00 100000.00 100000.00 100000.00 100000.00 100000.00 100000.00 100000.00 100000.00 100000.00 100000.00 100000.00 100000.00 100000.00 100000.00 100000.00 100000.00 100000.00 100000.00 100000.00 100000.00 100000.00 100000.00 100000.00 100000.00 100000.00 100000.00 100000.00 100000.00 100000.00 100000.00 100000.00 100000.00 100000.00 100000.00 100000.00 100000.00 100000.00 100000.00 100000.00 100000.00 100000.00 100000.00 100000.00 100000.00 100000.00 100000.00 100000.00 100000.00 100000.00 100000.00 100000.00 100000.00 100000.00 100000.00 100000.00 100000.00 100000.00 100000.00 100000.00 100000.00 100000.00 100000.00 100000.00 100000.00 100000.00 100000.00 100000.00 100000.00 100000.00 100000.00 100000.00 100000.00 100000.00 100000.00 100000.00 100000.00
cost 10000.00 10000.00 10000.00 10000.00 10000.00 10000.00 10000.00 10000.00 10000.00 10000.00 10000.00 10000.00 10000.00 10000.00 10000.00 10000.00 10000.00 10000.00 10000.00 10000.00 10000.00 10000.00 10000.00 10000.00 10000.00 10000.00 10000.00 10000.00 10000.00 10000.00 10000.00 10000.00 10000.00 10000.00 10000.00 10000.00 10000.00 10000.00 10000.00 10000.00 10000.00 10000.00 10000.00 10000.00 10000.00 10000.00 10000.00 10000.00 10000.00 10000.00 10000.00 10000.00 10000.00 10000.00 10000.00 10000.00 10000.00 10000.00 10000.00 10000.00 10000.00 10000.00 10000.00 10000.00 10000.00 10000.00 10000.00 10000.00 10000.00 10000.00 10000.00 10000.00 10000.00 10000.00 10000.00 10000.00 10000.00 10000.00 10000.00 10000.00 10000.00 10000.00 10000.00 10000.00 10000.00 10000.00 10000.00 10000.00 10000.00 10000.00 10000.00 10000.00 10000.00 10000.00 10000.00 10000.00 10000.00 10000.00 10000.00 10000.00 10000.00 10000.00 10000.00 10000.00 10000.00 10000.00 10000.00 10000.00 10000.00 10000.00 10000.00 10000.00 10000.00 10000.00 10000.00 10000.00 10000.00 10000.00 10000.00 10000.00 10000.00 10000.00 10000.00 10000.00 10000.00 10000.00 10000.00 10000.00 10000.00 10000.00 10000.00 10000.00 10000.00 10000.00 10000.00 10000.00 10000.00 10000.00 10000.00 10000.00 10000.00 10000.00 10000.00 10000.00 10000.00 10000.00 10000.00 10000.00 10000.00 10000.00 10000.00 10000.00 10000.00 10000.00 10000.00 10000.00 10000.00 10000.00 10000.00 10000.00 10000.00 10000.00 10000.00 10000.00 10000.00 10000.00 10000.00 10000.00 10000.00 10000.00 10000.00 10000.00 10000.00 10000.00 10000.00 10000.00 10000.00 10000.00 10000.00 10000.00 10000.00 10000.00 10000.00 10000.00 10000.00 10000.00 10000.00 10000.00 10000.00 10000.00 10000.00 10000.00 10000.00 10000.00 10000.00 10000.00 10000.00 10000.00 10000.00 10000.00 10000.00 10000.00 10000.00 10000.00 10000.00 10000.00 10000.00 10000.00 10000.00 10000.00 10000.00 10000.00 10000.00 10000.00 10000.00 10000.00 10000.00 10000.00 10000.00 10000.00 10000.00 10000.00 10000.00 10000.00 10000.00 10000.00 10000.00 10000.00 10000.00 10000.00 10000.00 10000.00 10000.00 10000.00 10000.00 10000.00 10000.00 10000.00 10000.00 10000.00 10000.00 10000.00 10000.00 10000.00 10000.00 10000.00 10000.00 10000.00 10000.00 10000.00 10000.00 10000.00 10000.00 10000.00 10000.00 10000.00 10000.00 10000.00 10000.00 10000.00 10000.00 10000.00 10000.00 10000.00 10000.00 10000.00 10000.00 10000.00 10000.00 10000.00 10000.00 10000.00 10000.00 10000.00 10000.00 10000.00 10000.00 10000.00 10000.00 10000.00 10000.00 10000.00 10000.00 10000.00 10000.00 10000.00 10000.00 10000.00 10000.00 10000.00 10000.00 10000.00 10000.00 10000.00 10000.00 10000.00 10000.00 10000.00 10000.00 10000.00 10000.00 10000.00 10000.00 10000.00 10000.00 10000.00 10000.00 10000.00 10000.00 10000.00 10000.00 10000.00 10000.00 10000.00 10000.00 10000.00 10000.00 10000.00 10000.00 10000.00 10000.00 10000.00 10000.00 10000.00 10000.00 10000.00 10000.00 10000.00 10000.00 10000.00 10000.00 10000.00 10000.00 10000.00 10000.00 10000.00 10000.00 10000.00 10000.00 10000.00 10000.00 10000.00 10000.00 10000.00 10000.00 10000.00 10000.00 10000.00 10000.00 10000.00 10000.00 10000.00 10000.00 10000.00 10000.00 10000.00 10000.00 10000.00 10000.00 10000.00 10000.00 10000.00 10000.00 10000.00 10000.00 10000.00 10000.00 10000.00 10000.00 10000.00 10000.00 10000.00 10000.00 10000.00 10000.00 10000.00 10000.00 10000.00 10000.00 10000.00 10000.00 10000.00 10000.00 10000.00 10000.00 10000.00 10000.00 10000.00 10000.00 10000.00 10000.00 10000.00 10000.00 10000.00 10000.00 10000.00 10000.00 10000.00 10000.00 10000.00 10000.00 10000.00 10000.00 10000.00 10000.00 10000.00 10000.00 10000.00 10000.00 10000.00 10000.00 10000.00 10000.00 10000.00 10000.00 10000.00 10000.00 10000.00 10000.00 10000.00 10000.00 10000.00 10000.00 10000.00 10000.00 10000.00 10000.00 10000.00 10000.00 10000.00 10000.00 10000.00 10000.00 10000.00 10000.00 10000.00 10000.00 10000.00 10000.00 10000.00 10000.00 10000.00 10000.00 10000.00 10000.00 10000.00 10000.00 10000.00 10000.00 10000.00 10000.00 10000.00 10000.00 10000.00 10000.00 10000.00 10000.00 10000.00 10000.00 10000.00 10000.00 10000.00 10000.00 10000.00 10000.00 10000.00 10000.00 10000.00 10000.00 10000.00 10000.00 10000.00 10000.00 10000.00 10000.00 10000.00 10000.00 10000.00 10000.00 10000.00 10000.00 10000.00 10000.00 10000.00 10000.00 10000.00 10000.00 10000.00 10000.00 10000.00 10000.00 10000.00 10000.00 10000.00 10000.00 10000.00 10000.00 10000.00 10000.00 10000.00 10000.00 10000.00 10000.00 10000.00 10000.00 10000.00 10000.00 10000.00 10000.00 10000.00 10000.00 10000.00 10000.00 10000.00 10000.00 10000.00 10000.00 10000.00 10000.00 10000.00 10000.00 10000.00 10000.00 10000.00 10000.00 10000.00 10000.00 10000.00 10000.00 10000.00 10000.00 10000.00 10000.00 10000.00 10000.00 10000.00 10000.00 10000.00 10000.00 10000.00 10000.00 10000.00 10000.00 10000.00 10000.00 10000.00 10000.00 10000.00 10000.00 10000.00 10000.00 10000.00 10000.00 10000.00 10000.00 10000.00 10000.00 10000.00 10000.00 10000.00 10000.00 10000.00 10000.00 10000.00 10000.00 10000.00 10000.00 10000.00 10000.00 10000.00 10000.00 10000.00 10000.00 10000.00 10000.00 10000.00 10000.00 10000.00 10000.00 10000.00 10000.00 10000.00 10000.00 10000.00 10000.00 10000.00 10000.00 10000.00 10000.00 10000.00 10000.00 10000.00 10000.00 10000.00 10000.00 10000.00 10000.00 10000.00 10000.00 10000.00 10000.00 10000.00 10000.00 10000.00 10000.00 10000.00 10000.00 10000.00 10000.00 10000.00 10000.00 10000.00 10000.00 10000.00 10000.00 10000.00 10000.00 10000.00 10000.00 10000.00 10000.00 10000.00 10000.00
pmin 0.00 0.00 0.00 0.00 0.00 0.00 0.00 0.00 0.00 0.00 0.00 0.00 0.00 0.00 0.00 0.00 0.00 0.00 0.00 0.00 0.00 0.00 0.00 0.00 0.00 0.00 0.00 0.00 0.00 0.00 0.00 0.00 0.00 0.00 0.00 0.00 0.00 0.00 0.00 0.00 0.00 0.00 0.00 0.00 0.00 0.00 0.00 0.00 0.00 0.00 0.00 0.00 0.00 0.00 0.00 0.00 0.00 0.00 0.00 0.00 0.00 0.00 0.00 0.00 0.00 0.00 0.00 0.00 0.00 0.00 0.00 0.00 0.00 0.00 0.00 0.00 0.00 0.00 0.00 0.00 0.00 0.00 0.00 0.00 0.00 0.00 0.00 0.00 0.00 0.00 0.00 0.00 0.00 0.00 0.00 0.00 0.00 0.00 0.00 0.00 0.00 0.00 0.00 0.00 0.00 0.00 0.00 0.00 0.00 0.00 0.00 0.00 0.00 0.00 0.00 0.00 0.00 0.00 0.00 0.00 0.00 0.00 0.00 0.00 0.00 0.00 0.00 0.00 0.00 0.00 0.00 0.00 0.00 0.00 0.00 0.00 0.00 0.00 0.00 0.00 0.00 0.00 0.00 0.00 0.00 0.00 0.00 0.00 0.00 0.00 0.00 0.00 0.00 0.00 0.00 0.00 0.00 0.00 0.00 0.00 0.00 0.00 0.00 0.00 0.00 0.00 0.00 0.00 0.00 0.00 0.00 0.00 0.00 0.00 0.00 0.00 0.00 0.00 0.00 0.00 0.00 0.00 0.00 0.00 0.00 0.00 0.00 0.00 0.00 0.00 0.00 0.00 0.00 0.00 0.00 0.00 0.00 0.00 0.00 0.00 0.00 0.00 0.00 0.00 0.00 0.00 0.00 0.00 0.00 0.00 0.00 0.00 0.00 0.00 0.00 0.00 0.00 0.00 0.00 0.00 0.00 0.00 0.00 0.00 0.00 0.00 0.00 0.00 0.00 0.00 0.00 0.00 0.00 0.00 0.00 0.00 0.00 0.00 0.00 0.00 0.00 0.00 0.00 0.00 0.00 0.00 0.00 0.00 0.00 0.00 0.00 0.00 0.00 0.00 0.00 0.00 0.00 0.00 0.00 0.00 0.00 0.00 0.00 0.00 0.00 0.00 0.00 0.00 0.00 0.00 0.00 0.00 0.00 0.00 0.00 0.00 0.00 0.00 0.00 0.00 0.00 0.00 0.00 0.00 0.00 0.00 0.00 0.00 0.00 0.00 0.00 0.00 0.00 0.00 0.00 0.00 0.00 0.00 0.00 0.00 0.00 0.00 0.00 0.00 0.00 0.00 0.00 0.00 0.00 0.00 0.00 0.00 0.00 0.00 0.00 0.00 0.00 0.00 0.00 0.00 0.00 0.00 0.00 0.00 0.00 0.00 0.00 0.00 0.00 0.00 0.00 0.00 0.00 0.00 0.00 0.00 0.00 0.00 0.00 0.00 0.00 0.00 0.00 0.00 0.00 0.00 0.00 0.00 0.00 0.00 0.00 0.00 0.00 0.00 0.00 0.00 0.00 0.00 0.00 0.00 0.00 0.00 0.00 0.00 0.00 0.00 0.00 0.00 0.00 0.00 0.00 0.00 0.00 0.00 0.00 0.00 0.00 0.00 0.00 0.00 0.00 0.00 0.00 0.00 0.00 0.00 0.00 0.00 0.00 0.00 0.00 0.00 0.00 0.00 0.00 0.00 0.00 0.00 0.00 0.00 0.00 0.00 0.00 0.00 0.00 0.00 0.00 0.00 0.00 0.00 0.00 0.00 0.00 0.00 0.00 0.00 0.00 0.00 0.00 0.00 0.00 0.00 0.00 0.00 0.00 0.00 0.00 0.00 0.00 0.00 0.00 0.00 0.00 0.00 0.00 0.00 0.00 0.00 0.00 0.00 0.00 0.00 0.00 0.00 0.00 0.00 0.00 0.00 0.00 0.00 0.00 0.00 0.00 0.00 0.00 0.00 0.00 0.00 0.00 0.00 0.00 0.00 0.00 0.00 0.00 0.00 0.00 0.00 0.00 0.00 0.00 0.00 0.00 0.00 0.00 0.00 0.00 0.00 0.00 0.00 0.00 0.00 0.00 0.00 0.00 0.00 0.00 0.00 0.00 0.00 0.00 0.00 0.00 0.00 0.00 0.00 0.00 0.00 0.00 0.00 0.00 0.00 0.00 0.00 0.00 0.00 0.00 0.00 0.00 0.00 0.00 0.00 0.00 0.00 0.00 0.00 0.00 0.00 0.00 0.00 0.00 0.00 0.00 0.00 0.00 0.00 0.00 0.00 0.00 0.00 0.00 0.00 0.00 0.00 0.00 0.00 0.00 0.00 0.00 0.00 0.00 0.00 0.00 0.00 0.00 0.00 0.00 0.00 0.00 0.00 0.00 0.00 0.00 0.00 0.00 0.00 0.00 0.00 0.00 0.00 0.00 0.00 0.00 0.00 0.00 0.00 0.00 0.00 0.00 0.00 0.00 0.00 0.00 0.00 0.00 0.00 0.00 0.00 0.00 0.00 0.00 0.00 0.00 0.00 0.00 0.00 0.00 0.00 0.00 0.00 0.00 0.00 0.00 0.00 0.00 0.00 0.00 0.00 0.00 0.00 0.00 0.00 0.00 0.00 0.00 0.00 0.00 0.00 0.00 0.00 0.00 0.00 0.00 0.00 0.00 0.00 0.00 0.00 0.00 0.00 0.00 0.00 0.00
pmax 100000.00 100000.00 100000.00 100000.00 100000.00 100000.00 100000.00 100000.00 100000.00 100000.00 100000.00 100000.00 100000.00 100000.00 100000.00 100000.00 100000.00 100000.00 100000.00 100000.00 100000.00 100000.00 100000.00 100000.00 100000.00 100000.00 100000.00 100000.00 100000.00 100000.00 100000.00 100000.00 100000.00 100000.00 100000.00 100000.00 100000.00 100000.00 100000.00 100000.00 100000.00 100000.00 100000.00 100000.00 100000.00 100000.00 100000.00 100000.00 100000.00 100000.00 100000.00 100000.00 100000.00 100000.00 100000.00 100000.00 100000.00 100000.00 100000.00 100000.00 100000.00 100000.00 100000.00 100000.00 100000.00 100000.00 100000.00 100000.00 100000.00 100000.00 100000.00 100000.00 100000.00 100000.00 100000.00 100000.00 100000.00 100000.00 100000.00 100000.00 100000.00 100000.00 100000.00 100000.00 100000.00 100000.00 100000.00 100000.00 100000.00 100000.00 100000.00 100000.00 100000.00 100000.00 100000.00 100000.00 100000.00 100000.00 100000.00 100000.00 100000.00 100000.00 100000.00 100000.00 100000.00 100000.00 100000.00 100000.00 100000.00 100000.00 100000.00 100000.00 100000.00 100000.00 100000.00 100000.00 100000.00 100000.00 100000.00 100000.00 100000.00 100000.00 100000.00 100000.00 100000.00 100000.00 100000.00 100000.00 100000.00 100000.00 100000.00 100000.00 100000.00 100000.00 100000.00 100000.00 100000.00 100000.00 100000.00 100000.00 100000.00 100000.00 100000.00 100000.00 100000.00 100000.00 100000.00 100000.00 100000.00 100000.00 100000.00 100000.00 100000.00 100000.00 100000.00 100000.00 100000.00 100000.00 100000.00 100000.00 100000.00 100000.00 100000.00 100000.00 100000.00 100000.00 100000.00 100000.00 100000.00 100000.00 100000.00 100000.00 100000.00 100000.00 100000.00 100000.00 100000.00 100000.00 100000.00 100000.00 100000.00 100000.00 100000.00 100000.00 100000.00 100000.00 100000.00 100000.00 100000.00 100000.00 100000.00 100000.00 100000.00 100000.00 100000.00 100000.00 100000.00 100000.00 100000.00 100000.00 100000.00 100000.00 100000.00 100000.00 100000.00 100000.00 100000.00 100000.00 100000.00 100000.00 100000.00 100000.00 100000.00 100000.00 100000.00 100000.00 100000.00 100000.00 100000.00 100000.00 100000.00 100000.00 100000.00 100000.00 100000.00 100000.00 100000.00 100000.00 100000.00 100000.00 100000.00 100000.00 100000.00 100000.00 100000.00 100000.00 100000.00 100000.00 100000.00 100000.00 100000.00 100000.00 100000.00 100000.00 100000.00 100000.00 100000.00 100000.00 100000.00 100000.00 100000.00 100000.00 100000.00 100000.00 100000.00 100000.00 100000.00 100000.00 100000.00 100000.00 100000.00 100000.00 100000.00 100000.00 100000.00 100000.00 100000.00 100000.00 100000.00 100000.00 100000.00 100000.00 100000.00 100000.00 100000.00 100000.00 100000.00 100000.00 100000.00 100000.00 100000.00 100000.00 100000.00 100000.00 100000.00 100000.00 100000.00 100000.00 100000.00 100000.00 100000.00 100000.00 100000.00 100000.00 100000.00 100000.00 100000.00 100000.00 100000.00 100000.00 100000.00 100000.00 100000.00 100000.00 100000.00 100000.00 100000.00 100000.00 100000.00 100000.00 100000.00 100000.00 100000.00 100000.00 100000.00 100000.00 100000.00 100000.00 100000.00 100000.00 100000.00 100000.00 100000.00 100000.00 100000.00 100000.00 100000.00 100000.00 100000.00 100000.00 100000.00 100000.00 100000.00 100000.00 100000.00 100000.00 100000.00 100000.00 100000.00 100000.00 100000.00 100000.00 100000.00 100000.00 100000.00 100000.00 100000.00 100000.00 100000.00 100000.00 100000.00 100000.00 100000.00 100000.00 100000.00 100000.00 100000.00 100000.00 100000.00 100000.00 100000.00 100000.00 100000.00 100000.00 100000.00 100000.00 100000.00 100000.00 100000.00 100000.00 100000.00 100000.00 100000.00 100000.00 100000.00 100000.00 100000.00 100000.00 100000.00 100000.00 100000.00 100000.00 100000.00 100000.00 100000.00 100000.00 100000.00 100000.00 100000.00 100000.00 100000.00 100000.00 100000.00 100000.00 100000.00 100000.00 100000.00 100000.00 100000.00 100000.00 100000.00 100000.00 100000.00 100000.00 100000.00 100000.00 100000.00 100000.00 100000.00 100000.00 100000.00 100000.00 100000.00 100000.00 100000.00 100000.00 100000.00 100000.00 100000.00 100000.00 100000.00 100000.00 100000.00 100000.00 100000.00 100000.00 100000.00 100000.00 100000.00 100000.00 100000.00 100000.00 100000.00 100000.00 100000.00 100000.00 100000.00 100000.00 100000.00 100000.00 100000.00 100000.00 100000.00 100000.00 100000.00 100000.00 100000.00 100000.00 100000.00 100000.00 100000.00 100000.00 100000.00 100000.00 100000.00 100000.00 100000.00 100000.00 100000.00 100000.00 100000.00 100000.00 100000.00 100000.00 100000.00 100000.00 100000.00 100000.00 100000.00 100000.00 100000.00 100000.00 100000.00 100000.00 100000.00 100000.00 100000.00 100000.00 100000.00 100000.00 100000.00 100000.00 100000.00 100000.00 100000.00 100000.00 100000.00 100000.00 100000.00 100000.00 100000.00 100000.00 100000.00 100000.00 100000.00 100000.00 100000.00 100000.00 100000.00 100000.00 100000.00 100000.00 100000.00 100000.00 100000.00 100000.00 100000.00 100000.00 100000.00 100000.00 100000.00 100000.00 100000.00 100000.00 100000.00 100000.00 100000.00 100000.00 100000.00 100000.00 100000.00 100000.00 100000.00 100000.00 100000.00 100000.00 100000.00 100000.00 100000.00 100000.00 100000.00 100000.00 100000.00 100000.00 100000.00 100000.00 100000.00 100000.00 100000.00 100000.00 100000.00 100000.00 100000.00 100000.00 100000.00 100000.00 100000.00 100000.00 100000.00 100000.00 100000.00 100000.00 100000.00 100000.00 100000.00 100000.00 100000.00 100000.00 100000.00 100000.00 100000.00 100000.00 100000.00 100000.00 100000.00 100000.00 100000.00 100000.00 100000.00 100000.00 100000.00 100000.00 100000.00 100000.00 100000.00 100000.00 100000.00 100000.00 100000.00 100000.00 100000.00 100000.00 100000.00 100000.00 100000.00 100000.00 100000.00 100000.00 100000.00 100000.00 100000.00 100000.00 100000.00 100000.00 100000.00 100000.00 100000.00 100000.00 100000.00 100000.00 100000.00 100000.00 100000.00 100000.00 100000.00 100000.00 100000.00 100000.00 100000.00 100000.00 100000.00 100000.00 100000.00 100000.00 100000.00 100000.00 100000.00 100000.00 100000.00 100000.00 100000.00 100000.00 100000.00
cost 10000.00 10000.00 10000.00 10000.00 10000.00 10000.00 10000.00 10000.00 10000.00 10000.00 10000.00 10000.00 10000.00 10000.00 10000.00 10000.00 10000.00 10000.00 10000.00 10000.00 10000.00 10000.00 10000.00 10000.00 10000.00 10000.00 10000.00 10000.00 10000.00 10000.00 10000.00 10000.00 10000.00 10000.00 10000.00 10000.00 10000.00 10000.00 10000.00 10000.00 10000.00 10000.00 10000.00 10000.00 10000.00 10000.00 10000.00 10000.00 10000.00 10000.00 10000.00 10000.00 10000.00 10000.00 10000.00 10000.00 10000.00 10000.00 10000.00 10000.00 10000.00 10000.00 10000.00 10000.00 10000.00 10000.00 10000.00 10000.00 10000.00 10000.00 10000.00 10000.00 10000.00 10000.00 10000.00 10000.00 10000.00 10000.00 10000.00 10000.00 10000.00 10000.00 10000.00 10000.00 10000.00 10000.00 10000.00 10000.00 10000.00 10000.00 10000.00 10000.00 10000.00 10000.00 10000.00 10000.00 10000.00 10000.00 10000.00 10000.00 10000.00 10000.00 10000.00 10000.00 10000.00 10000.00 10000.00 10000.00 10000.00 10000.00 10000.00 10000.00 10000.00 10000.00 10000.00 10000.00 10000.00 10000.00 10000.00 10000.00 10000.00 10000.00 10000.00 10000.00 10000.00 10000.00 10000.00 10000.00 10000.00 10000.00 10000.00 10000.00 10000.00 10000.00 10000.00 10000.00 10000.00 10000.00 10000.00 10000.00 10000.00 10000.00 10000.00 10000.00 10000.00 10000.00 10000.00 10000.00 10000.00 10000.00 10000.00 10000.00 10000.00 10000.00 10000.00 10000.00 10000.00 10000.00 10000.00 10000.00 10000.00 10000.00 10000.00 10000.00 10000.00 10000.00 10000.00 10000.00 10000.00 10000.00 10000.00 10000.00 10000.00 10000.00 10000.00 10000.00 10000.00 10000.00 10000.00 10000.00 10000.00 10000.00 10000.00 10000.00 10000.00 10000.00 10000.00 10000.00 10000.00 10000.00 10000.00 10000.00 10000.00 10000.00 10000.00 10000.00 10000.00 10000.00 10000.00 10000.00 10000.00 10000.00 10000.00 10000.00 10000.00 10000.00 10000.00 10000.00 10000.00 10000.00 10000.00 10000.00 10000.00 10000.00 10000.00 10000.00 10000.00 10000.00 10000.00 10000.00 10000.00 10000.00 10000.00 10000.00 10000.00 10000.00 10000.00 10000.00 10000.00 10000.00 10000.00 10000.00 10000.00 10000.00 10000.00 10000.00 10000.00 10000.00 10000.00 10000.00 10000.00 10000.00 10000.00 10000.00 10000.00 10000.00 10000.00 10000.00 10000.00 10000.00 10000.00 10000.00 10000.00 10000.00 10000.00 10000.00 10000.00 10000.00 10000.00 10000.00 10000.00 10000.00 10000.00 10000.00 10000.00 10000.00 10000.00 10000.00 10000.00 10000.00 10000.00 10000.00 10000.00 10000.00 10000.00 10000.00 10000.00 10000.00 10000.00 10000.00 10000.00 10000.00 10000.00 10000.00 10000.00 10000.00 10000.00 10000.00 10000.00 10000.00 10000.00 10000.00 10000.00 10000.00 10000.00 10000.00 10000.00 10000.00 10000.00 10000.00 10000.00 10000.00 10000.00 10000.00 10000.00 10000.00 10000.00 10000.00 10000.00 10000.00 10000.00 10000.00 10000.00 10000.00 10000.00 10000.00 10000.00 10000.00 10000.00 10000.00 10000.00 10000.00 10000.00 10000.00 10000.00 10000.00 10000.00 10000.00 10000.00 10000.00 10000.00 10000.00 10000.00 10000.00 10000.00 10000.00 10000.00 10000.00 10000.00 10000.00 10000.00 10000.00 10000.00 10000.00 10000.00 10000.00 10000.00 10000.00 10000.00 10000.00 10000.00 10000.00 10000.00 10000.00 10000.00 10000.00 10000.00 10000.00 10000.00 10000.00 10000.00 10000.00 10000.00 10000.00 10000.00 10000.00 10000.00 10000.00 10000.00 10000.00 10000.00 10000.00 10000.00 10000.00 10000.00 10000.00 10000.00 10000.00 10000.00 10000.00 10000.00 10000.00 10000.00 10000.00 10000.00 10000.00 10000.00 10000.00 10000.00 10000.00 10000.00 10000.00 10000.00 10000.00 10000.00 10000.00 10000.00 10000.00 10000.00 10000.00 10000.00 10000.00 10000.00 10000.00 10000.00 10000.00 10000.00 10000.00 10000.00 10000.00 10000.00 10000.00 10000.00 10000.00 10000.00 10000.00 10000.00 10000.00 10000.00 10000.00 10000.00 10000.00 10000.00 10000.00 10000.00 10000.00 10000.00 10000.00 10000.00 10000.00 10000.00 10000.00 10000.00 10000.00 10000.00 10000.00 10000.00 10000.00 10000.00 10000.00 10000.00 10000.00 10000.00 10000.00 10000.00 10000.00 10000.00 10000.00 10000.00 10000.00 10000.00 10000.00 10000.00 10000.00 10000.00 10000.00 10000.00 10000.00 10000.00 10000.00 10000.00 10000.00 10000.00 10000.00 10000.00 10000.00 10000.00 10000.00 10000.00 10000.00 10000.00 10000.00 10000.00 10000.00 10000.00 10000.00 10000.00 10000.00 10000.00 10000.00 10000.00 10000.00 10000.00 10000.00 10000.00 10000.00 10000.00 10000.00 10000.00 10000.00 10000.00 10000.00 10000.00 10000.00 10000.00 10000.00 10000.00 10000.00 10000.00 10000.00 10000.00 10000.00 10000.00 10000.00 10000.00 10000.00 10000.00 10000.00 10000.00 10000.00 10000.00 10000.00 10000.00 10000.00 10000.00 10000.00 10000.00 10000.00 10000.00 10000.00 10000.00 10000.00 10000.00 10000.00 10000.00 10000.00 10000.00 10000.00 10000.00 10000.00 10000.00 10000.00 10000.00 10000.00 10000.00 10000.00 10000.00 10000.00 10000.00 10000.00 10000.00 10000.00 10000.00 10000.00 10000.00 10000.00 10000.00 10000.00 10000.00 10000.00 10000.00 10000.00 10000.00 10000.00 10000.00 10000.00 10000.00 10000.00 10000.00 10000.00 10000.00 10000.00 10000.00 10000.00 10000.00 10000.00 10000.00 10000.00 10000.00 10000.00 10000.00 10000.00 10000.00 10000.00 10000.00 10000.00 10000.00 10000.00 10000.00 10000.00 10000.00 10000.00 10000.00 10000.00 10000.00 10000.00 10000.00 10000.00 10000.00 10000.00 10000.00 10000.00 10000.00 10000.00 10000.00 10000.00 10000.00 10000.00 10000.00 10000.00 10000.00 10000.00 10000.00 10000.00 10000.00 10000.00 10000.00 10000.00 10000.00 10000.00 10000.00 10000.00 10000.00 10000.00 10000.00 10000.00 10000.00 10000.00 10000.00 10000.00 10000.00 10000.00 10000.00
end powerplant
begin powerplant
name PowerPlant_2_0
type 2
index 0
stock 4974480
campaigns 2
durations 5 8
current_campaign_max_modulus 176400
max_modulus 176400 176400
max_refuel 9102240 9102240
min_refuel 9102240 9102240
refuel_ratio 4 4
current_campaign_stock_threshold 1764000
stock_threshold 1764000 1764000 1764000
pmax 1335.00 1335.00 1335.00 1335.00 1335.00 1335.00 1335.00 1320.00 1320.00 1320.00 1320.00 1320.00 1320.00 1320.00 1320.00 1320.00 1320.00 1320.00 1320.00 1320.00 1320.00 1350.00 1350.00 1350.00 1350.00 1350.00 1350.00 1350.00 1365.00 1365.00 1365.00 1365.00 1365.00 1365.00 1365.00 1395.00 1395.00 1395.00 1395.00 1395.00 1395.00 1395.00 1395.00 1395.00 1395.00 1395.00 1395.00 1395.00 1395.00 1395.00 1395.00 1395.00 1395.00 1395.00 1395.00 1395.00 1395.00 1395.00 1395.00 1395.00 1395.00 1395.00 1395.00 1395.00 1395.00 1395.00 1395.00 1395.00 1395.00 1395.00 1395.00 1395.00 1395.00 1395.00 1395.00 1395.00 1395.00 1395.00 1395.00 1395.00 1395.00 1395.00 1395.00 1395.00 1410.00 1410.00 1410.00 1410.00 1410.00 1410.00 1410.00 1410.00 1410.00 1410.00 1410.00 1410.00 1410.00 1410.00 1410.00 1410.00 1410.00 1410.00 1410.00 1410.00 1410.00 1410.00 1410.00 1410.00 1410.00 1410.00 1410.00 1410.00 1410.00 1410.00 1410.00 1410.00 1410.00 1410.00 1410.00 1410.00 1410.00 1410.00 1410.00 1410.00 1410.00 1410.00 1410.00 1410.00 1410.00 1410.00 1410.00 1410.00 1410.00 1410.00 1410.00 1410.00 1410.00 1410.00 1410.00 1410.00 1410.00 1410.00 1410.00 1410.00 1410.00 1410.00 1410.00 1410.00 1410.00 1410.00 1410.00 1410.00 1410.00 1410.00 1410.00 1410.00 1410.00 1410.00 1410.00 1410.00 1410.00 1410.00 1410.00 1410.00 1410.00 1410.00 1410.00 1410.00 1410.00 1410.00 1410.00 1410.00 1410.00 1410.00 1410.00 1410.00 1410.00 1410.00 1410.00 1410.00 1410.00 1410.00 1410.00 1410.00 1410.00 1410.00 1410.00 1410.00 1410.00 1410.00 1410.00 1410.00 1410.00 1410.00 1410.00 1410.00 1410.00 1410.00 1410.00 1410.00 1410.00 1410.00 1410.00 1395.00 1395.00 1395.00 1395.00 1395.00 1395.00 1395.00 1395.00 1395.00 1395.00 1395.00 1395.00 1395.00 1395.00 1395.00 1395.00 1395.00 1395.00 1395.00 1395.00 1395.00 1395.00 1395.00 1395.00 1395.00 1395.00 1395.00 1395.00 1380.00 1380.00 1380.00 1380.00 1380.00 1380.00 1380.00 1350.00 1350.00 1350.00 1350.00 1350.00 1350.00 1350.00 1350.00 1350.00 1350.00 1350.00 1350.00 1350.00 1350.00 1350.00 1350.00 1350.00 1350.00 1350.00 1350.00 1350.00 1365.00 1365.00 1365.00 1365.00 1365.00 1365.00 1365.00 1365.00 1365.00 1365.00 1365.00 1365.00 1365.00 1365.00 1380.00 1380.00 1380.00 1380.00 1380.00 1380.00 1380.00 1380.00 1380.00 1380.00 1380.00 1380.00 1380.00 1380.00 1380.00 1380.00 1380.00 1380.00 1380.00 1380.00 1380.00 1365.00 1365.00 1365.00 1365.00 1365.00 1365.00 1365.00 1365.00 1365.00 1365.00 1365.00 1365.00 1365.00 1365.00 1365.00 1365.00 1365.00 1365.00 1365.00 1365.00 1365.00 1365.00 1365.00 1365.00 1365.00 1365.00 1365.00 1365.00 1350.00 1350.00 1350.00 1350.00 1350.00 1350.00 1350.00 1350.00 1350.00 1350.00 1350.00 1350.00 1350.00 1350.00 1350.00 1350.00 1350.00 1350.00 1350.00 1350.00 1350.00 1365.00 1365.00 1365.00 1365.00 1365.00 1365.00 1365.00 1380.00 1380.00 1380.00 1380.00 1380.00 1380.00 1380.00 1380.00 1380.00 1380.00 1380.00 1380.00 1380.00 1380.00 1365.00 1365.00 1365.00 1365.00 1365.00 1365.00 1365.00 1350.00 1350.00 1350.00 1350.00 1350.00 1350.00 1350.00 1350.00 1350.00 1350.00 1350.00 1350.00 1350.00 1350.00 1365.00 1365.00 1365.00 1365.00 1365.00 1365.00 1365.00 1380.00 1380.00 1380.00 1380.00 1380.00 1380.00 1380.00 1395.00 1395.00 1395.00 1395.00 1395.00 1395.00 1395.00 1395.00 1395.00 1395.00 1395.00 1395.00 1395.00 1395.00 1410.00 1410.00 1410.00 1410.00 1410.00 1410.00 1410.00 1410.00 1410.00 1410.00 1410.00 1410.00 1410.00 1410.00 1410.00 1410.00 1410.00 1410.00 1410.00 1410.00 1410.00 1395.00 1395.00 1395.00 1395.00 1395.00 1395.00 1395.00 1395.00 1395.00 1395.00 1395.00 1395.00 1395.00 1395.00 1410.00 1410.00 1410.00 1410.00 1410.00 1410.00 1410.00 1410.00 1410.00 1410.00 1410.00 1410.00 1410.00 1410.00 1410.00 1410.00 1410.00 1410.00 1410.00 1410.00 1410.00 1410.00 1410.00 1410.00 1410.00 1410.00 1410.00 1410.00 1410.00 1410.00 1410.00 1410.00 1410.00 1410.00 1410.00 1410.00 1410.00 1410.00 1410.00 1410.00 1410.00 1410.00 1410.00 1410.00 1410.00 1410.00 1410.00 1410.00 1410.00 1410.00 1410.00 1410.00 1410.00 1410.00 1410.00 1410.00 1410.00 1410.00 1410.00 1410.00 1410.00 1410.00 1410.00 1410.00 1410.00 1410.00 1410.00 1410.00 1410.00 1410.00 1410.00 1410.00 1410.00 1410.00 1410.00 1410.00 1410.00 1410.00 1410.00 1410.00 1410.00 1410.00 1410.00 1410.00 1410.00 1410.00 1410.00 1410.00 1410.00 1410.00 1410.00 1410.00 1410.00 1410.00 1410.00 1410.00 1410.00 1410.00 1395.00 1395.00 1395.00 1395.00 1395.00 1395.00 1395.00 1395.00 1395.00 1395.00 1395.00 1395.00 1395.00 1395.00 1380.00 1380.00 1380.00 1380.00 1380.00 1380.00 1380.00 1365.00 1365.00 1365.00 1365.00 1365.00 1365.00 1365.00 1365.00 1365.00 1365.00 1365.00 1365.00 1365.00 1365.00 1365.00 1365.00 1365.00 1365.00 1365.00 1365.00 1365.00 1365.00 1365.00 1365.00 1365.00 1365.00 1365.00 1365.00 1380.00 1380.00 1380.00 1380.00 1380.00 1380.00 1380.00 1380.00 1380.00 1380.00 1380.00 1380.00 1380.00 1380.00 1395.00 1395.00 1395.00 1395.00 1395.00 1395.00 1395.00 1380.00 1380.00 1380.00 1380.00 1380.00 1380.00 1380.00
max_stock_before_refueling 3175200 3175200
max_stock_after_refueling 14112000 14112000
refueling_cost 20.37 19.38
fuel_price 20.68
begin current_campaign_profile
profile_points 7
decrease_profile 1764000 1 1411200 0.95 1058400 0.9 705600 0.84 352800 0.79 0 0.74 0 0.74
end current_campaign_profile
begin profile
campaign_profile 0
profile_points 7
decrease_profile 1764000 1 1411200 0.95 1058400 0.9 705600 0.84 352800 0.79 0 0.74 0 0.74
end profile
begin profile
campaign_profile 1
profile_points 7
decrease_profile 1764000 1 1411200 0.95 1058400 0.9 705600 0.84 352800 0.79 0 0.74 0 0.74
end profile
end powerplant
begin powerplant
name PowerPlant_2_1
type 2
index 1
stock 6866640
campaigns 2
durations 9 6
current_campaign_max_modulus 183600
max_modulus 183600 183600
max_refuel 12484800 12484800
min_refuel 6462720 6462720
refuel_ratio 4 4
current_campaign_stock_threshold 1836000
stock_threshold 1836000 1836000 1836000
pmax 1335.00 1335.00 1335.00 1335.00 1335.00 1335.00 1335.00 1320.00 1320.00 1320.00 1320.00 1320.00 1320.00 1320.00 1320.00 1320.00 1320.00 1320.00 1320.00 1320.00 1320.00 1350.00 1350.00 1350.00 1350.00 1350.00 1350.00 1350.00 1365.00 1365.00 1365.00 1365.00 1365.00 1365.00 1365.00 1395.00 1395.00 1395.00 1395.00 1395.00 1395.00 1395.00 1395.00 1395.00 1395.00 1395.00 1395.00 1395.00 1395.00 1395.00 1395.00 1395.00 1395.00 1395.00 1395.00 1395.00 1395.00 1395.00 1395.00 1395.00 1395.00 1395.00 1395.00 1395.00 1395.00 1395.00 1395.00 1395.00 1395.00 1395.00 1395.00 1395.00 1395.00 1395.00 1395.00 1395.00 1395.00 1395.00 1395.00 1395.00 1395.00 1395.00 1395.00 1395.00 1410.00 1410.00 1410.00 1410.00 1410.00 1410.00 1410.00 1410.00 1410.00 1410.00 1410.00 1410.00 1410.00 1410.00 1410.00 1410.00 1410.00 1410.00 1410.00 1410.00 1410.00 1410.00 1410.00 1410.00 1410.00 1410.00 1410.00 1410.00 1410.00 1410.00 1410.00 1410.00 1410.00 1410.00 1410.00 1410.00 1410.00 1410.00 1410.00 1410.00 1410.00 1410.00 1410.00 1410.00 1410.00 1410.00 1410.00 1410.00 1410.00 1410.00 1410.00 1410.00 1410.00 1410.00 1410.00 1410.00 1410.00 1410.00 1410.00 1410.00 1410.00 1410.00 1410.00 1410.00 1410.00 1410.00 1410.00 1410.00 1410.00 1410.00 1410.00 1410.00 1410.00 1410.00 1410.00 1410.00 1410.00 1410.00 1410.00 1410.00 1410.00 1410.00 1410.00 1410.00 1410.00 1410.00 1410.00 1410.00 1410.00 1410.00 1410.00 1410.00 1410.00 1410.00 1410.00 1410.00 1410.00 1410.00 1410.00 1410.00 1410.00 1410.00 1410.00 1410.00 1410.00 1410.00 1410.00 1410.00 1410.00 1410.00 1410.00 1410.00 1410.00 1410.00 1410.00 1410.00 1410.00 1410.00 1410.00 1395.00 1395.00 1395.00 1395.00 1395.00 1395.00 1395.00 1395.00 1395.00 1395.00 1395.00 1395.00 1395.00 1395.00 1395.00 1395.00 1395.00 1395.00 1395.00 1395.00 1395.00 1395.00 1395.00 1395.00 1395.00 1395.00 1395.00 1395.00 1380.00 1380.00 1380.00 1380.00 1380.00 1380.00 1380.00 1350.00 1350.00 1350.00 1350.00 1350.00 1350.00 1350.00 1350.00 1350.00 1350.00 1350.00 1350.00 1350.00 1350.00 1350.00 1350.00 1350.00 1350.00 1350.00 1350.00 1350.00 1365.00 1365.00 1365.00 1365.00 1365.00 1365.00 1365.00 1365.00 1365.00 1365.00 1365.00 1365.00 1365.00 1365.00 1380.00 1380.00 1380.00 1380.00 1380.00 1380.00 1380.00 1380.00 1380.00 1380.00 1380.00 1380.00 1380.00 1380.00 1380.00 1380.00 1380.00 1380.00 1380.00 1380.00 1380.00 1365.00 1365.00 1365.00 1365.00 1365.00 1365.00 1365.00 1365.00 1365.00 1365.00 1365.00 1365.00 1365.00 1365.00 1365.00 1365.00 1365.00 1365.00 1365.00 1365.00 1365.00 1365.00 1365.00 1365.00 1365.00 1365.00 1365.00 1365.00 1350.00 1350.00 1350.00 1350.00 1350.00 1350.00 1350.00 1350.00 1350.00 1350.00 1350.00 1350.00 1350.00 1350.00 1350.00 1350.00 1350.00 1350.00 1350.00 1350.00 1350.00 1365.00 1365.00 1365.00 1365.00 1365.00 1365.00 1365.00 1380.00 1380.00 1380.00 1380.00 1380.00 1380.00 1380.00 1380.00 1380.00 1380.00 1380.00 1380.00 1380.00 1380.00 1365.00 1365.00 1365.00 1365.00 1365.00 1365.00 1365.00 1350.00 1350.00 1350.00 1350.00 1350.00 1350.00 1350.00 1350.00 1350.00 1350.00 1350.00 1350.00 1350.00 1350.00 1365.00 1365.00 1365.00 1365.00 1365.00 1365.00 1365.00 1380.00 1380.00 1380.00 1380.00 1380.00 1380.00 1380.00 1395.00 1395.00 1395.00 1395.00 1395.00 1395.00 1395.00 1395.00 1395.00 1395.00 1395.00 1395.00 1395.00 1395.00 1410.00 1410.00 1410.00 1410.00 1410.00 1410.00 1410.00 1410.00 1410.00 1410.00 1410.00 1410.00 1410.00 1410.00 1410.00 1410.00 1410.00 1410.00 1410.00 1410.00 1410.00 1395.00 1395.00 1395.00 1395.00 1395.00 1395.00 1395.00 1395.00 1395.00 1395.00 1395.00 1395.00 1395.00 1395.00 1410.00 1410.00 1410.00 1410.00 1410.00 1410.00 1410.00 1410.00 1410.00 1410.00 1410.00 1410.00 1410.00 1410.00 1410.00 1410.00 1410.00 1410.00 1410.00 1410.00 1410.00 1410.00 1410.00 1410.00 1410.00 1410.00 1410.00 1410.00 1410.00 1410.00 1410.00 1410.00 1410.00 1410.00 1410.00 1410.00 1410.00 1410.00 1410.00 1410.00 1410.00 1410.00 1410.00 1410.00 1410.00 1410.00 1410.00 1410.00 1410.00 1410.00 1410.00 1410.00 1410.00 1410.00 1410.00 1410.00 1410.00 1410.00 1410.00 1410.00 1410.00 1410.00 1410.00 1410.00 1410.00 1410.00 1410.00 1410.00 1410.00 1410.00 1410.00 1410.00 1410.00 1410.00 1410.00 1410.00 1410.00 1410.00 1410.00 1410.00 1410.00 1410.00 1410.00 1410.00 1410.00 1410.00 1410.00 1410.00 1410.00 1410.00 1410.00 1410.00 1410.00 1410.00 1410.00 1410.00 1410.00 1410.00 1395.00 1395.00 1395.00 1395.00 1395.00 1395.00 1395.00 1395.00 1395.00 1395.00 1395.00 1395.00 1395.00 1395.00 1380.00 1380.00 1380.00 1380.00 1380.00 1380.00 1380.00 1365.00 1365.00 1365.00 1365.00 1365.00 1365.00 1365.00 1365.00 1365.00 1365.00 1365.00 1365.00 1365.00 1365.00 1365.00 1365.00 1365.00 1365.00 1365.00 1365.00 1365.00 1365.00 1365.00 1365.00 1365.00 1365.00 1365.00 1365.00 1380.00 1380.00 1380.00 1380.00 1380.00 1380.00 1380.00 1380.00 1380.00 1380.00 1380.00 1380.00 1380.00 1380.00 1395.00 1395.00 1395.00 1395.00 1395.00 1395.00 1395.00 1380.00 1380.00 1380.00 1380.00 1380.00 1380.00 1380.00
max_stock_before_refueling 3304800 3304800
max_stock_after_refueling 14688000 14688000
refueling_cost 19.96 19.02
fuel_price 20.26
begin current_campaign_profile
profile_points 7
decrease_profile 1836000 1 1468800 0.95 1101600 0.9 734400 0.84 367200 0.79 0 0.74 0 0.74
end current_campaign_profile
begin profile
campaign_profile 0
profile_points 7
decrease_profile 1836000 1 1468800 0.95 1101600 0.9 734400 0.84 367200 0.79 0 0.74 0 0.74
end profile
begin profile
campaign_profile 1
profile_points 7
decrease_profile 1836000 1 1468800 0.95 1101600 0.9 734400 0.84 367200 0.79 0 0.74 0 0.74
end profile
end powerplant
begin constraint
type 13
index 0
powerplant 0
campaign 0
earliest_stop_time 18
latest_stop_time 26
end constraint
begin constraint
type 13
index 1
powerplant 0
campaign 1
earliest_stop_time 56
latest_stop_time 64
end constraint
begin constraint
type 13
index 2
powerplant 1
campaign 0
earliest_stop_time 24
latest_stop_time 32
end constraint
begin constraint
type 13
index 3
powerplant 1
campaign 1
earliest_stop_time 79
latest_stop_time 87
end constraint
begin constraint
type 14
index 0
set 0 1
spacing 6
end constraint
